261
13
933
199
924
865
772
828
619
226
292
672
231
577
514
949
792
428
925
470
621
827
022
403
876
557
084
869
312
156
921
639
299
769
253
133
920
408
522
879
193
700
653
089
853
608
146
360
779
466
944
155
560
787
849
571
657
374
577
089
294
878
894
620
115
952
546
980
027
126
333
520
343
725
146
401
012
327
901
667
984
528
324
1919
65
18
36
29
26
70
95
04
11
24
71
77
27
30
06
28
48
18
63
15
76
83
85
02
65
33
50
77
72
17
47
65
41
55
68
80
87
63
20
67
07
20
79
66
94
97
44
37
10
62
16
84
16
74
50
25
93
80
10
87
36
72
52
66
62
81
67
72
91
85
0